function [scda] = ScdaArray(Dp,rho)

\!\(\(-1.7196000358420516`*^-7\) + 
    5.432861517243334`*^-18\ \@\(1.0018382774109165`*^21 + \
1.1055020700385198`*^28\ Dp\ \[Rho]p + 3.214416279937965`*^34\ Dp\^2\ \[Rho]p\
\)\)

scda = -1.7196000358420516e-7+5.432861517243334e-18*...
    sqrt(1.0018382774109165e21+1.1055020700385198e28.*Dp.*rho...
    +3.214416279937965e34.*Dp.^2.*rho);